% -------------------------------------------------------------------
%  Generated by MATLAB on 12-Jul-2017 14:10:20
%  MATLAB version: 9.2.0.538062 (R2017a)
% -------------------------------------------------------------------
                                 

x = [0 3.25172149961744 6.3121652639632657 9.18133129303748 12.241775057383308 ...
     15.110941086457522 18.171384850803342 21.040550879877564 24.292272379495003 ...
     27.25707727620502 30.221882172915045 33.282325937260865 36.151491966335087 ...
     39.211935730680906 42.081101759755121 45.141545524100948 48.106350420810976 ...
     51.262433052792609 54.322876817138436 58.913542463657166 60.252486610558471 ...
     63.121652639632693 66.1820964039785 69.051262433052727 72.20734506503436 ...
     75.076511094108582 78.136954858454388 81.197398622800208 84.06656465187443 ...
     87.031369548584479 89.996174445294486 93.1522570772761 95.925784238714527 ...
     98.986228003060361 101.95103289977037 105.10711553175199 108.16755929609782 ...
     111.13236419280786 114.19280795715369 117.06197398622787 120.1224177505737 ...
     122.89594491201214 126.05202754399376 129.20811017597541 132.17291507268541 ...
     135.23335883703123 138.00688599846964 141.1629686304513 143.93649579188968 ...
     147.09257842387132 149.96174445294554 153.11782708492717 156.2739097169088 ...
     159.23871461361884 162.10788064269303 165.07268553940307 168.03749043611307 ...
     171.00229533282308 174.15837796480474 176.93190512624312 179.99234889058897 ...
     183.24407039020639 186.0175975516448 189.17368018362646 191.94720734506484 ...
     195.1032899770465 197.87681713848491 201.03289977046651 204.28462127008396 ...
     207.0581484315224 210.11859219586822 212.98775822494241 216.04820198928823 ...
     218.91736801836245 222.07345065034411 224.94261667941828 228.00306044376413 ...
     231.15914307574576 233.93267023718417 237.18439173680162 239.95791889824 ...
     243.11400153022166 245.88752869166007];

y = [579.06976744185783 252.90697674418479 915.69767441860063 500.58139534883486 ...
     381.9767441860447 736.04651162790367 380.23255813953313 374.99999999999824 ...
     465.69767441860239 805.81395348836838 418.60465116278874 659.30232558139232 ...
     354.0697674418588 322.67441860464965 359.30232558139369 228.48837209302218 ...
     535.46511627906727 589.53488372092738 681.97674418604333 723.83720930232221 ...
     730.81395348836872 709.88372093022929 484.88372093023031 697.67441860464794 ...
     498.83720930232323 746.51162790697333 821.51162790697288 483.13953488371868 ...
     451.74418604650958 381.9767441860447 223.25581395348726 221.51162790697569 ...
     322.67441860464965 467.44186046511413 444.76744186046312 387.20930232557964 ...
     552.90697674418345 596.5116279069739 811.04651162790321 981.976744186042 ...
     919.18604651162377 812.7906976744149 312.20930232557987 343.60465116278914 ...
     584.30232558139267 540.69767441860222 327.90697674418442 573.83720930232289 ...
     983.72093023255354 443.02325581395138 702.90697674418277 666.27906976743884 ...
     599.99999999999727 594.76744186046233 449.99999999999784 859.88372093022872 ...
     580.81395348836941 622.67441860464828 275.58139534883583 500.58139534883486 ...
     273.83720930232425 338.37209302325419 641.86046511627615 434.30232558139329 ...
     558.13953488371828 535.46511627906727 807.55813953488 312.20930232557987 ...
     842.44186046511243 730.81395348836872 573.83720930232289 1156.395348837204 ...
     423.83720930232363 327.90697674418442 359.30232558139369 551.16279069767188 ...
     449.99999999999784 455.23255813953273 823.25581395348468 514.53488372092784 ...
     547.67441860464862 772.67441860464771 408.13953488371908];

